removed_sources:
  String-Truncate-1.100600.tar.gz: 454576c4a2ecbe0e39477c1b3f322737fe8f325b
  String-Truncate-1.100601.tar.gz: 9e45a5b45dd3e017e4728e082b72997987c87170
sources:
  String-Truncate-1.100602.tar.gz: 9359e8907ce9247b91775e3902562d8cada574cd
